16.534565315287182
15.937937749367848
15.779889787052525
15.66271112807226
15.592649214911944
15.54686386047615
15.508684001411893
15.466376513308205
15.443964161811891
15.41614075371399
15.403316297877609
15.39166902640136
15.383283302202472
15.363982160459273
15.353412305881648
15.347721195899794
15.33837804013092
15.329925350277335
15.327708150831313
15.31561912264442
15.310330801701639
15.303252395053278
15.300519341275503
15.298168976150919
15.293155101891898
15.291940957096813
15.28946357764653
15.281198898424918
15.274285949199111
15.270841737554292
15.269999940683192
15.266394436301198
15.265928186119709
15.263861606945284
15.262221955083078
15.262135209392
15.259967971869628
15.259655337802542
15.257780759144225
15.254519468529907
15.253994562088337
15.250108180647658
15.249111963101313
15.246282402862562
15.245420823368477
15.245481955542346
15.247299826361996
15.24522165919916
15.244978317627101
15.241367967908445
15.241367967908445
