0.2870598682493437
0.2870582961186301
0.28705620937398635
0.28705376986181363
0.2870509524072986
0.28704762519919313
0.287043599790195
0.2870384672714863
0.28703133124508895
0.28701942728366703
0.28698586265090853
0.2863429437857121
0.28600156836910173
0.28584596814471297
0.2856646658037789
0.28545801172731444
0.28520690245204605
0.2850493664445821
0.2849437332188245
0.28488303886842914
0.2847976067569107
0.28467916380031966
0.28456036068382673
0.2844508893904276
0.28430688529624604
0.2842137152911164
0.28401145711541176
0.28393675870029256
0.28382442143629305
0.2836819203803316
0.28352284530410543
0.2832627320312895
0.2831110653351061
0.2830261696362868
0.28288848808733746
0.282856599020306
0.2827842425031122
0.28260688396403566
0.28256535073160194
0.2825596474285703
0.2824707427935209
0.282407811464509
0.2823618547117803
0.28226651949808
0.2821570143569261
0.28209104388952255
0.2819672657351475
0.28193263491266407
0.28179352820734493
0.281613647879567
