0.35532995048561133
0.3553226358490065
0.35531183786224574
0.3552959247608669
0.35526560913422145
0.35462126435595565
0.3530758328270167
0.3521564915718045
0.3511349468608387
0.3501702724315692
0.34954524438944645
0.34902996782329865
0.34865586226806045
0.3481589487346355
0.3478228968742769
0.34752153846784495
0.34708033117931336
0.34640532222692855
0.346211561729433
0.34580657750484534
0.34548750377143733
0.3452293259615544
0.34500932597438805
0.34483945835381746
0.34446415212005377
0.34435363646480255
0.34425826685037464
0.34396601890330203
0.34394114412134513
0.34371672369888984
0.34353888960322365
0.34337740021874197
0.3432609794253949
0.34291067643789575
0.3427943659189623
0.3424152009538375
0.34223493401077576
0.3420483798836358
0.34186990471789613
0.3415510233317036
0.34136323269922286
0.3410496881988365
0.3409004691056907
0.3406768039276358
0.34069474664283916
0.3405605201260187
0.34058528635068797
0.3403064188314602
0.34018195894896053
0.3402783304627519
