0.40222894118051045
0.4022278631600784
0.402226625388721
0.4022252568975091
0.4022237380268052
0.40222202439326793
0.4022200432809768
0.40221772754739504
0.4022149374213768
0.40221142074733507
0.4022066972393077
0.40219965027063154
0.4021866558759939
0.4021276578132529
0.4005681826674845
0.4002178417867981
0.4000839984510094
0.3999702920264099
0.39947557570121717
0.3989085744979093
0.3987542444447172
0.39859416179388063
0.3983195439359406
0.39799936329654884
0.39770870483334875
0.397471693897387
0.39726821453950834
0.3970387058725464
0.396811577018525
0.3967005047161365
0.3965621887182351
0.3964572734403191
0.3962917385433684
0.3961778010998387
0.3960572796568158
0.39591086452128366
0.3958630215420271
0.3956940829011728
0.395580401585903
0.39547885686624795
0.39539896877249703
0.3952633927910938
0.3951338292827131
0.39497399426909396
0.39487467728031334
0.39471147302538157
0.3946721220127074
0.39456544391578063
0.39442495866387617
0.39435920716641704
