0.29995733650866896
0.2999560319003649
0.2999544036138104
0.29995254636742175
0.29995043606322724
0.2999480173311895
0.29994517810700927
0.29994175501633435
0.2999374837236246
0.29993177253345493
0.29992320991004817
0.2999065369949676
0.2996790469478583
0.29879296786384657
0.2984236108750338
0.29804611584404483
0.2978056867432315
0.2975887430802686
0.29737923442735337
0.2971286587708164
0.296959293744294
0.29675759152451064
0.29660428015631624
0.2964388491382124
0.29627154109766707
0.2960955091693904
0.29591077055374626
0.2956888647895539
0.2954665949655464
0.2952616728725843
0.2951036783197196
0.2949658388388343
0.29474673347431235
0.29464319958060514
0.2944753223564476
0.29429111891658977
0.29409651282185223
0.29396746508427896
0.2937668382655829
0.2936545202683192
0.29352993139764294
0.293459983120556
0.29330924741225317
0.29307099850848317
0.293046955121099
0.2929258957883576
0.2927165149449138
0.2926794953382341
0.2926252013858175
0.29242373222950846
