0.2870599130692426
0.2870583310141228
0.28705625064321794
0.28705380903556943
0.28705098084174097
0.2870476617536042
0.28704363922588527
0.2870385084534064
0.28703136200783774
0.2870192593836691
0.28698307543527335
0.28636285071843304
0.28599102699081413
0.28588213605689816
0.28568760718917474
0.28546833200380206
0.2851896145439241
0.2850813919212669
0.28498741521616466
0.28488699506851844
0.2847777026181575
0.28470846253912896
0.28460006762179546
0.28446995056583546
0.284377679345198
0.28424571466166526
0.2840868062339723
0.28395596038899384
0.28381710808025673
0.2836687950475607
0.2834900939196814
0.28328604411217384
0.28311881923582405
0.2830010835896246
0.2829029895365238
0.2827957516128663
0.28274945690645836
0.2825789450726006
0.28252960587269627
0.282557849684963
0.2824293654994108
0.2823638801346533
0.2823516478820238
0.28222129328059964
0.2820937389624305
0.28202670119935647
0.2819405199843459
0.28181539292563684
0.28173014576896094
0.2816291975614149
