0.40222893278405536
0.40222785537480377
0.40222661958250683
0.4022252525173826
0.40222373441793025
0.4022220212063985
0.40222004739916883
0.40221774703240953
0.40221498266328126
0.40221151568403
0.402206895625568
0.40220012111240067
0.402188145526452
0.40214810593170114
0.4007742511894321
0.4002330389484996
0.4000817663036287
0.39995744539191946
0.39963253967289347
0.39892300841165707
0.3987740935990587
0.3985918292601127
0.39829736627143575
0.3981105217753793
0.3977503246278502
0.3974455159259378
0.3972645868125255
0.3969953721971251
0.396805887852679
0.39667222888965625
0.396485843033588
0.39643699876614846
0.396292983496096
0.3961818987154402
0.3960704701166833
0.3959322378432262
0.39581149297737284
0.3956680189439794
0.39562658107752213
0.3954634248148068
0.39531838496623095
0.39521038955717813
0.3951068631358794
0.3949707011852297
0.39485711957968306
0.39470005063776625
0.39460755842446815
0.39454240457416745
0.3944174367643427
0.39434020058979513
