0.29995729502115864
0.29995598427194636
0.2999543481564615
0.29995247269107495
0.29995033516024705
0.2999478713172721
0.2999449619965162
0.2999414169898955
0.2999368983146269
0.29993063090660144
0.299920586970984
0.29989676421973854
0.29934756174043287
0.2986803880194202
0.2981675134942634
0.2978901800670428
0.297652106222813
0.29736449537449516
0.29716178934904747
0.2970076872879872
0.2968141470919363
0.2966876178106759
0.2965571673557861
0.2963813001115341
0.29622424858098384
0.29600710718659684
0.295801006257534
0.2955539369722828
0.2953715351759456
0.2951423279300798
0.29504675103817135
0.29485051598749124
0.29472681318293326
0.29458834596152883
0.29442868431215174
0.2942303005111171
0.29410170727351215
0.29396608330716845
0.2937224038905697
0.29371308916597627
0.29355969744210597
0.2933534363255603
0.2932681980310008
0.29305657249642536
0.2929896042624023
0.2929089977988042
0.29271744631114416
0.292662786465371
0.2925377983629005
0.29241748762433417
