0.35532995747053064
0.3553226982767228
0.355312020808924
0.35529648620286025
0.35526744020171463
0.35465311649022624
0.35313675849465653
0.35220340368687175
0.3513695191068109
0.35035289704683237
0.34966745707788505
0.34915960644138977
0.3487552071164828
0.34835912016569637
0.34800119980354793
0.3475955924659502
0.3472531759762205
0.346844731742749
0.34647279541241005
0.3460214880469721
0.34560731204692274
0.3452993729733862
0.34509691476705484
0.344861856312491
0.3446575022826437
0.34453692456008866
0.34435558365657926
0.3442439471546095
0.3438668987364508
0.3437827633752022
0.34350074478425086
0.34341516232234426
0.3433048103470355
0.3431043977616355
0.3428923313913401
0.3426143324468285
0.34234901884337887
0.3421326143143233
0.34188805005396716
0.34165277547435835
0.34135870859608985
0.34118018666049466
0.34104514311184175
0.34079743863549083
0.3406626606010832
0.34066948940744624
0.3405576463264879
0.34047488175565377
0.3402862098591868
0.3401253795309458
